1000 361
4805
4169
4468
4095
6577
2588
6350
101
3020
3350
1419
7434
3101
7893
9563
2535
8936
8077
6674
273
4568
6268
2962
2243
3098
2582
7879
3478
4231
6430
9484
2930
440
9739
8326
7904
5234
2348
1545
3042
4609
657
6993
7279
130
8425
4915
9188
4751
7958
4543
6130
4992
227
1439
2322
4062
3692
5392
6594
4000
3194
5111
9528
7829
6554
8170
2278
1009
931
1215
91
6256
9188
1136
6868
9406
7654
1531
6384
2555
1781
111
5254
9190
1040
1472
3883
385
4645
7303
4607
390
303
1982
6672
9250
5028
1033
2159
4159
1082
1158
4340
8406
2375
8830
8761
4328
2248
1846
6674
8257
8605
2087
4266
219
3046
2949
1237
762
9933
3049
4990
5344
4722
5895
5024
4903
795
6325
6688
7240
3132
4624
8063
7279
524
3348
1714
7110
4024
3912
2229
4541
7184
6311
2216
3952
6231
554
9024
229
6251
1473
9564
6918
2226
5036
8455
8541
6628
6385
7424
9155
5138
6152
7983
5107
2186
5805
3493
7142
7481
9065
1087
224
9313
7305
9975
8139
9534
1553
1858
6129
7580
1175
9482
2298
2035
4363
1821
898
788
326
1506
6794
7799
7727
4175
7529
1151
8649
4100
1228
3832
1935
7430
3742
169
1925
801
9516
4111
7835
5936
4123
7322
5529
435
9941
3488
6517
4169
9624
1669
563
425
4001
8483
4474
9314
1430
9661
1676
8841
1950
5824
6141
9712
4120
8423
513
8992
5185
5372
9691
3138
6143
5866
3026
1466
4292
2829
6100
4085
823
6896
9238
6169
2977
3031
9577
4442
7249
745
8140
8935
2607
3069
6502
9529
7861
217
1149
8887
4018
9529
4497
8352
2183
9646
4745
41
1978
824
4188
9573
9710
9278
4088
7693
7431
8317
9690
8329
7645
3173
1697
4180
2907
7526
1573
2026
7310
394
836
4
195
984
7399
2689
1067
4977
3575
35
658
2539
4196
1180
4195
4839
9283
6090
3047
2227
1824
3871
9541
9685
1482
6449
7638
9256
7586
6333
908
2640
9397
9105
8852
3369
7821
7881
3960
3351
4597
5381
190
215
9993
4068
4100
5896
5286
6978
5322
192
432
2631
3610
9858
4971
1307
8358
3147
4209
6324
7196
2438
4140
98
9349
8761
8192
2047
6271
4317
1515
2130
8720
6078
5970
1362
5872
8936
2013
2349
9340
2738
4603
9177
7354
3126
3338
2468
405
5239
1465
2571
8279
1204
805
516
6320
2451
2688
5209
7319
9701
597
3477
153
3529
6660
3378
4290
3059
9806
8098
8886
6135
8941
6440
924
1321
9507
5527
7376
5593
8948
1998
1597
2179
7330
5971
5304
2041
4242
2885
964
9543
7995
7929
3743
8380
8104
2336
9555
8076
559
1046
866
6707
1566
1479
334
4371
3060
5623
1795
6995
6257
3954
9655
5922
5428
2373
3018
7170
3470
1080
4190
4905
1423
2439
9258
8106
4371
7584
6442
1957
5490
657
6042
5364
1029
5163
2437
6597
9886
8063
667
5955
5511
9173
2836
955
3694
3396
8430
8854
5979
7607
4360
2729
4348
6805
3232
8285
4556
2423
5096
8671
3612
3159
5119
9509
7956
7199
2499
6126
6735
2992
5261
1589
9150
6690
6489
8173
7624
3433
6104
1257
6842
3723
5275
8301
2952
1886
7989
2901
9017
9318
1587
5610
9423
6509
6401
1389
4353
8078
8
7112
3085
2843
8343
3690
4992
9974
3027
9619
3156
5894
538
9779
4655
4956
9622
4176
233
3375
229
380
8732
7852
7202
6412
3799
5702
3004
6280
7803
3807
2686
3322
2185
9215
8334
3079
1036
5018
7557
2898
7595
3745
1975
8084
7181
3880
7044
3101
7627
6562
5648
3053
6324
2430
9713
5614
7562
584
1172
3331
1912
3800
6058
7714
1126
6671
1248
7558
8594
7037
3490
3488
7249
8533
1151
2633
8744
7764
2176
1552
477
2845
8484
5690
1714
1569
1015
3871
1347
1061
5543
1551
109
372
7797
6662
91
9549
8603
100
8865
10
2169
1235
5502
6598
2181
5894
7866
639
1692
7792
48
2973
2712
5896
135
22
6039
7190
533
6142
2104
8140
6606
6274
2408
4600
9784
5099
6671
7643
2823
3064
9744
7042
1761
5310
3196
6719
6753
8553
5621
1339
5197
1088
4649
4182
3640
2479
1646
2669
6571
1680
4801
9578
9665
7539
5153
5803
4816
8826
4407
526
8868
2219
9124
8902
2826
2541
8653
8924
4916
1010
5042
9293
3641
6468
8949
5379
3448
5882
2837
8284
2159
7661
5265
2254
9027
9446
1474
3392
8928
1338
7374
2984
4679
3071
449
4977
9163
2080
7059
1119
8923
201
2373
2467
6322
5161
6717
5718
8601
1929
2174
5626
7780
4393
9073
2482
8822
5071
7264
9794
8967
7962
6845
3495
7273
6096
5728
1249
8855
8088
9427
4695
3435
5887
9012
3749
3578
6546
9976
6215
7998
4493
725
8894
4812
6575
2886
8205
1534
5431
9110
7426
644
8561
9667
9393
2420
42
5459
6497
1398
4862
531
976
9177
6140
2780
5750
1426
3586
7003
3080
913
9476
977
6110
4189
5380
7373
2641
4406
3248
4367
6302
4233
7834
6705
6846
3907
2932
5684
6389
4906
9923
1883
5306
9751
2722
7394
7090
9104
3854
3053
7363
7476
6120
5197
844
4769
3470
7478
9810
5029
8241
3802
4189
6572
1835
4652
544
3513
8785
9867
2481
5684
5187
298
1574
6659
1252
8772
9168
2721
245
765
846
8929
6324
9833
6458
7789
4389
6497
9387
1494
805
331
3792
2954
2993
4155
5238
4651
3060
8774
1809
7799
7027
299
3904
9155
5032
840
7828
1632
5297
7485
33
9841
756
155
2665
255
6513
4321
5140
5801
906
3565
9499
8843
5511
4952
8196
9128
325
4190
9991
7535
6531
6848
573
7092
5267
637
1342
2058
3550
2224
6487
7053
8112
5956
5981
5037
6939
7213
753
7998
9943
9858
2973
2235
9412
8188
871
5266
6156
780
9630
2121
8761
1996
265
2180
582
7112
5819
2388
7971
2646
3725
2455
5455
9307
7929
8340
8590
6818
2506
5400
4253
